colors = [
	{
		time = [
			0.45;
			0.55;
		];
		zenit = (0.1216,0.3529,0.7608);
		horizont = (0.4,0.5961,0.8667);
		sun = (3.0, 3.0, 4.0);
		sun_aura = (0.8588,0.9569,1);
		sunlight = (0.8039,0.9333,1);
		lerp_size = 1.0;
		lerp_offset = 0.0;
		sun_radius = 0.1;
		sun_aura_scale = 2.0;
		ambient_amount = 0.3;
	};
	{
		time = [
			0.35;
			0.65;
		];
		zenit = (0.1216,0.3529,0.7608, 0.8);
		horizont = (0.4,0.5961,0.8667);
		sun =  (1.9961,1.9922,1.3569);
		sunlight =   (0.6039,0.2784,0.1647);
		sun_aura = (0.9529,0.3216,0.0275); 
		lerp_size = 0.8;
		lerp_offset = 0.1;
		sun_radius = 0.11;
		sun_aura_scale = 3.0;
		ambient_amount = 0.2;
	};
	{
		time = 0.9;
		zenit = (0,0,0,0);
		horizont = (0.4667,0.0118,0.7765, 0.05);
		sun = (1.7216,1.702,1);
		sun_aura = (0.4667,0.0118,0.7765);
		sunlight = (0.7961,0.1255,0.0471);
		lerp_size = 0.4;
		lerp_offset = 0.3;
		sun_radius = 0.11;
		sun_aura_scale = 3.0;
		ambient_amount = 0.01;
	};
	{
		time = 0.0;
		zenit = (0,0,0,0);
		horizont = (0.4667,0.0118,0.7765, 0.05);
		sun =  (0,0.0,0.0);
		sun_aura = (0.4667,0.0118,0.7765, 0.05);
		sunlight = (0.07961,0.01255,00.0471);
		lerp_size = 0.4;
		lerp_offset = 0.3;
		sun_radius = 0.0;
		sun_aura_scale = 1.0;
		ambient_amount = 0.01;
	};
]
